2168374
1113895
1535566
1910729
1663628
2239589
1707575
1552592
1882508
1393354
1927186
1813838
0864663
2164953
2173639
1335573
1222822
1055199
2033184
1723838
1093247
1185069
0527682
1069925
0695327
1252026
1537100
1055149
0923888
1242658
1570498
1807932
0939541
1810937
1092270
1871273
1714240
0198104
1966096
1358664
0701751
2171602
2183458
1591976
1178011
0957883
2192006
1691816
1898311
0847415
1351643
0649605
2058107
0454592
1172324
1281985
2173352
1940832
1288222
1838645
2246817
1903505
0383395
1222076
0959262
1169718
2170860
1396941
1109377
1597449
1211309
0412223
0894324
1739566
1551668
1458698
0067618
1876402
1139750
1471543
0784484
0668444
1659448
0523219
0676942
1470663
0225210
1885833
0957899
2186944
2211026
0361109
1662015
0699565
0688076
1768872
0716437
1878567
0802263
1036863
1555884
0447769
0936133
1461862
0862739
0083150
1559373
0182727
1526019
1921311
2245660
1496971
2191945
0136472
1231168
1222601
1327939
1019107
2194912
2069707
1469738
0740504
0181710
1129148
2006296
1366856
0361611
1218624
1611219
1107447
1886463
0498140
0740884
0863885