1600343
1855382
2175403
1856980
2084801
1143133
1459418
0786219
1935749
2239290
1682813
2120035
0723567
2147399
2207935
1413316
0324845
1945458
0457837
1810201
1884889
1253455
1550643
0337277
1193361
1240501
1106412
0744228
0350198
2026736
0067863
1884741
2208639
1547722
1925949
0328368
1396726
1894690
1985096
1966252
1283779
2140540
0065291
2225269
1500991
1320344
0249916
1604652
0487330
1952115
1910575
2234653
1616511
2120031
1427275
1149067
0460482
0819081
0517745
2103081
1855285
1591877
1037982
2250823
1952832
0846181