0056782
0553601
0188372
0842387
0136468
0346400
0719790
0950119
0862199
0437571
0458627
1383088
1634020
0445601
1732551
1054022
0944357
1764565
1097486
0995290
0658059
1278085
1602273
1543509
0852822
0350851
0115074
0710667
0155576
0842399
0064930
0939501
0721177
0143336
2061742
1469768
1122585
0558237
0283609
2235586
1718898
0143338
1891293
0906211
2215390
1075856
1112645
1774584
0072869
1373938
0422938
1589412
0447935
1094693
1250249
0949944
1290785
0973041
1750520
0494477
1250523
0214193
1194421
2170875
1950557
1951612
2154733
0803688
2054362
0727657
2081083
2084805
1298374
1205178
1241522
1325220
1240315
2047539
0936094
1698608
1205272
1358180
1469692
0727647
1331448
0967566
1308386
1110734
2193516
0807071
0633233
0704984
0927368
1119079
1514251
1110733
0959085
2029900
1291233
2177828
0488533
1847505
1231196
1661601
1346446
1842173
2264249
1885942
1373275
1624887
1587527
0770351
1699455
2130085
0230833
1794927
2212521
1009039
1260329
0683548
0458635
1691545
0710665
1567288
0821375
1820323
1508910
1201556
2040834
0478341
0464756
1615560
1573406
0199985