2217964
1821602
0136486
0338531
1626629
1415611
1013534
0851311
1041645
0814397
1292533
1009765
0705084
0062223
1427673
0127505
0149352
0188405
2162684
0540389
0485231
0980549
0641196
0901513
0677586
0155579
0396525
0598112
0783900
1231746
2167150
0104828
0733462
0618964
2226313
1237674
1707900
1320257
0687392
0869743
1645747
1340195
1292378
0836147
0812094
0540023
0115565
0636590
0989831
1739526
1402021
1627935
0064890
1513616
0702839
1519194
1624193
1116410
0964344
0396535
1351594
0885277
0065286
1896036
0725997
0482823
0939547
0143388
0183641
0487369
1161004
0894166
1137626
1409250
0727357
0426810
0946798
0693511
1469918
0751008
1329664
0880576
1663953
0181737
0894385
0063295
0959346
1106454
0066420
1145204
1305520
0064924
1864991
0948344
1149068
1619901
1124247
1647303
1836113
0181726