1921655
0174925
2080693
2215391
1587526
0894406
0305715
0543862
1258139
1088532
1458705
1145215
1325459
1700645
1930685
0894021
0275909
1448175
2221641
0890198
1472187
1692543
1842168
0136489
1615623
0846180
0445392
1530788
0361566
1534012
0941858
1956397
1376815
2060563
0637452
1823530
0885092
2083822
2226247
1860127
1551732
2094475
1398649
2251121
1418226
1379395
1179713
2243952
1997314
1718901
1818832
1728005
1870557
1105732
0846636
1914684
1700930
2035598
1630525
1984373
1230443
1603124
2225263
2026614
1919891
1760948
2234645